119
134
46
83
69
4763
30
180
4778
105
104
76
48
80
146
166
116
172
155
128
671
106
22
4727
4824
98
4690
157
108
45
161
4749
111
43
177
154
121
148
1535
122
1571
109
4674
82
123
117
113
87
1586
686
62
4748
4713
4720
141
84
56
173
4755
61
85
120
58
90
51
4750
1498
130
118
162
635
4772
1521
95
164
4742
67
140
68
4805
64
4799
4816
100
186
4752
582
70
621
1482
115
110
4692
1632
4810
4821
145
6164
8413
78
114
4757
151
4790
19
135
169
1528
8474
598
91
668
732
707
3866
171
4728
71
4817
4760
4705
4801
129
1609
5167
25
4761
1613
1607
8377
4724
131
600
184
4767
4689
1568
4765
6149
63
4792
21
1606
16
1532
8428
6210
4764
1500
42
628
4785
139
179
4702
101
729
698
4766
574
657
1582
18
16790
4734
4758
1563
1629
4687
4798
656
4731
4722
8374
4712
3629
8449
4708
72
1474
163
7527
1575
632
4773
1618
125
4806
31
1603
4753
7893
1557
1556
718
663
1598
1516
8398
5151
